image_width: 1280
image_height: 720
camera_name: narrow_stereo
camera_matrix:
  rows: 3
  cols: 3
  data: [945.09009,   0.     , 641.02943,
           0.     , 941.20351, 322.81691,
           0.     ,   0.     ,   1.     ]
distortion_model: plumb_bob
distortion_coefficients:
  rows: 1
  cols: 5
  data: [0.004219, 0.005900, -0.000604, 0.000648, 0.000000]
rectification_matrix:
  rows: 3
  cols: 3
  data: [1., 0., 0.,
         0., 1., 0.,
         0., 0., 1.]
projection_matrix:
  rows: 3
  cols: 4
  data: [948.82025,   0.     , 641.41312,   0.     ,
           0.     , 944.97186, 321.98951,   0.     ,
           0.     ,   0.     ,   1.     ,   0.     ]
